E=0.5
	5902.36214947329	2305.19046326841	1609.46016693243	804.319384082675
	58.3388198699302	46.1646439248623	27.4818381887256	21.5151690329423

E=0.75
	2645.74093773389	1410.93369934476	816.865257586378	453.985167793115
	16.7834386242893	18.0243958818986	12.9040982440011	5.41195149890321


E=1
	2933.92534531986	1668.30078783406	855.840119364101	438.650792714122
	25.9153673807611	22.5875534033043	15.3418859203381	8.37288201100390


E=1.25
	1738.88870425476	1115.07721941207	520.925231240804	340.612909115173
	14.8565908278869	15.6120133234687	8.56831070872440	5.91004941900601

