0.5
	183.072170467791	104.047588965081	53.5441214014668	33.7862902458614
	0.855021954812745	0.764188239002586	0.630658965988479	0.615542247179543
0.75
	129.357624895060	70.7368836256503	43.1470780060111	22.3678966810549
	0.677838353671417	0.703642564086367	0.543261826595822	0.41963008795737
1.0
	50.6039407741672	47.4645224334427	22.7359587381870	11.6661789649567
	0.196905242652178	0.352570193041553	0.389312842216182	0.228462738626270

1.25
	51.9754852288928	39.9732483851665	20.4706015848089	8.32942599267661
	0.258894954528920	0.352253526858091	0.504334001690310	0.119505175506400



0.5 
	182.367345998134	89.3479973688232	49.0223857768837	28.9735793486448
	1.24632722338293	1.06422984789238	0.792746667749981	0.580483767700212
0.75
	61.3833262911250	45.8775275281525	23.3149346279057	14.2765261370542
	0.386415941532942	0.691143285809639	0.461200024857930	0.365741872859146
1	
	89.4198104325669	52.6061256071995	26.6106594000308	14.3198230908603
	0.511578604730009	0.617003326033174	0.465093348726006	0.341014505492772
1.25
	43.2949034189594	35.9639078717356	18.2782670753959	10.5593576014756
	0.196053381807376	0.321663773902466	0.258810070566186	0.255494966591578

	
	





